100
1 2
00
10
9 9
011100001 011000111 001110101 110000000 101001000 100011101 100110010 111100011 100100011
010000000 100001111 111000111 101110101 101011010 110100100 101100100 000110010 010100110
6 10
1000100011 0010111100 1101101010 1110001000 0010101001 0011101001
1111001100 0100000110 0101010011 1010000101 0101000110 1001100111
4 8
11101000 11111110 00001000 00011110
00101001 00111111 11001001 11011111
1 4
0011
0001
9 9
001011100 100010000 110011111 000010110 000001001 110101001 100101101 010011010 011100110
100111101 100011100 001110101 100001111 101111011 011010000 010000000 011101111 000011000
2 9
010000111 010001111
010111110 010110110
10 10
0101100000 0101001011 0010010101 1010101010 1010111110 0101100101 0101011010 1110010101 1001101011 1010010100
1111111110 0000001111 1111010100 1111000000 1100000001 0000001010 0111111111 1011111111 0000100001 0000110000
8 10
1100111100 1010100001 1001100101 0011101111 0011101101 1001001010 1011011110 1000101111
0100110011 0010010010 0101110011 0100111110 0100100101 0010010110 1100011010 0001110110
4 10
0100010101 0000110010 0100011101 0000111010
0101011101 0001111010 0101010101 0001110010
6 9
111100100 011000111 111000111 110111000 010101101 101110101
100001000 000101011 001110111 000001000 010111010 101100010
10 10
1000000011 1001110011 1010111100 1101000001 0100110110 0110011110 1110110101 0101101011 0011001000 0011001100
0110010000 0011010010 1101011111 0111100000 0000100110 1101011011 0100101111 1011111000 1010100101 1000001101
1 3
010
001
1 5
01100
11110
8 9
111000101 111000010 000010010 101000010 001011011 101000101 011011011 010010010
010001011 111011011 101011011 000001100 100010010 010001100 110010010 000001011
2 5
01010 00001
10001 10011
1 4
0101
0010
10 10
1011100100 0101010101 0100011010 0001001101 1101001111 0000100111 1010111000 1010000000 1111111010 0110110011
1101000000 0110111100 1010111110 1111101001 0001001011 0001110011 0000010111 1011010100 0100001001 1110100110
10 10
0110011100 1110111001 0001001011 1101011001 1110100110 0000000001 1001100110 0000100111 1111111010 0011010100
0100000111 0011010000 1111000010 0001001111 1100100010 0010011010 1011111101 1101100001 1100111101 0010111100
6 7
0101010 0000001 0010111 0010101 0111110 0000011
1100010 1110110 1011111 1100000 1001011 1110100
10 10
0111011011 0010100101 1101110110 0101110000 1000001100 1011111100 1011001011 0100111111 1000000001 0110000010
0111010010 0110001011 1011110101 1101111111 1000001000 1011000010 0100110110 0010101100 1000000101 0101111001
4 9
111110000 110110001 000000111 001000110
110111000 111111001 001001111 000001110
10 10
0101010010 1000100101 0111101001 1011111100 0101101110 1100011010 0111000010 0010001111 1010010101 1000110001
0000000001 0010110001 0011011000 0100111110 1101001010 0000010101 1010101011 1111100110 1111001101 1101110110
5 5
01100 11001 11100 11011 10011
00000 11100 00011 11001 10011
10 10
0001010101 0110110011 1110000001 1001111010 0100111111 0001000110 1111001101 1000101010 1111011000 0010100100
0100000011 1101101000 1010001110 0101011010 1111100100 0011110001 1001111111 0010100001 1010011101 0100010110
10 10
0000011010 0101001001 1110000110 1011100111 1101111110 0000100010 0100111001 1010110101 0111000001 1011011100
0100010110 0101000100 1011101010 1110000001 0101111111 0000100101 1010011010 1001100010 1110111001 0011011101
1 2
11
01
10 10
1010100100 0001101011 1100011010 1110111010 0111111111 0001000101 0000000110 0111100001 1110011001 1001010100
0011100000 0100001110 1101011100 1010111011 1100110001 0001000000 0111111110 1100011111 1010100101 0011000011
6 8
00001001 01100000 01011011 11110101 01100101 11001000
00111010 00001111 10110111 00110100 00001110 11010111
9 7
0111101 0111100 0111110 1110010 0011111 1111011 0000100 1010111 1010000
0111101 0111111 1000011 1100101 0011100 1100011 0110001 1111001 0110101
10 10
0110010111 0011011100 0110011001 0101101010 0001110100 1111000110 1001110011 1010001010 1000101001 1100100101
1100010011 1110110000 0011110011 1010111100 0000000000 1001011111 0101000101 0000001110 1111101010 0111101101
2 5
01011 00010
10000 01000
5 5
00100 00110 00001 10011 01101
10100 10110 11111 10011 00001
10 10
0110011000 1011100101 1000011010 1110101111 0001100100 0011101111 1110010010 0101011101 0000010011 1101100000
0101111100 0000001011 1000111100 1011110011 1101110110 0111110111 1110001001 1000000001 0011001110 0110000000
4 4
0010 0111 1000 1111
1000 1111 0001 1100
10 6
100100 000100 110100 111100 100001 000010 010001 111110 010000 010100
100000 000011 010000 110101 010001 010101 000101 100101 111101 111111
10 8
00100000 00100011 01001100 10100011 11001100 00110011 10100000 11001111 01011111 01001111
01011111 11011111 10110011 11011100 00110000 01001111 00110011 01011100 10110000 00100011
10 10
0000101111 1100101101 1011110000 1000010110 0111000000 0011111100 0010110011 0101001111 1110011001 1101000010
1011101000 0100111110 0000000101 1100000111 1001100111 0001101010 0010110001 1111010100 1110011011 0111011000
6 9
010100111 100000110 110111001 111000000 110001100 011000100
010011101 110110101 101000000 001111101 000010010 011011110
4 6
101010 101110 101100 101000
011111 011011 011001 011101
10 10
1011110100 0010101001 1101111100 0010010011 1100001010 1111000111 0101010001 1110101011 0000101100 0001010110
1000101000 1010001001 0100010000 0110101111 1011111111 0100101010 0011010010 1001000100 1101110111 0111010101
8 9
100001110 111011101 011011001 001000100 100001111 000110111 000000010 101101001
010010010 110111111 000100110 111111001 011110100 011110101 111001100 100100010
10 10
0000110000 1000110110 1011111111 0111011101 1101100010 1001100011 1111001000 0100010100 0010001111 0110001001
1001001101 0001001011 1111110100 1101101001 0110110101 0010000010 1011110010 0100011111 1110100000 0000011110
10 10
0010011001 0111000010 1011010110 1100111111 1101100100 1101010100 1110111011 0010001101 0001100011 0000101000
0100101101 1011000100 0010011111 1000101010 1011010000 1001100001 1110001011 0101110110 0111110010 0100011101
9 7
0110110 0101111 1000010 1100111 0110100 0011110 0111011 0000000 0000110
0100010 1101111 1110100 0001111 0111000 1100001 0110111 0100101 0111100
1 10
1111011101
1111000011
1 4
0101
1011
4 3
101 010 110 000
010 100 110 001
10 10
1110001010 1000110100 1100101011 1110011101 0100100111 0001011011 0001010000 1011100000 0111101100 0011010111
1010110011 0101110100 1101111000 0110111111 0010000100 0000000011 1111011001 1001100111 1111001110 0000001000
7 8
01100101 11111101 00100000 11110111 00110100 11010000 01110110
10001101 00001100 11001111 11011011 00101011 10011110 00000110
9 9
110000000 111101111 100010010 001010001 010110111 111101010 110001011 011001010 111010111
101100101 101011101 100110010 000000101 001111000 011100011 100111001 101011000 110100000
10 10
0110101010 1100010100 0111101011 1001011111 0001111001 0100100000 1011011111 1011000101 1010100100 0100010010
1110110010 0010111100 1100001010 1111110011 0011011101 0011000111 1001100001 0100001100 0001000111 1100111000
1 9
011000000
111011111
1 4
1010
0100
10 10
0100100100 0100101001 1100110111 0001110100 0011111110 1011011100 1001001000 0111010011 1010001011 1110000011
0011101000 1100011111 1001000010 0100100011 0111100000 0001011100 1001001111 1010111000 1110010101 0110110111
2 6
110000 110101
110000 110101
10 10
0110111110 0111101001 1001000000 1010110111 1100000101 0111011010 1011010100 1001100010 0000011011 0100101101
0001001100 1111010110 0110001101 1111110100 0000101000 1101000010 0001111111 0010111011 1100100001 1010010011
10 7
1011110 0011001 1011100 1110100 0110100 1001101 1100010 0000001 0011101 0110101
0011101 0110001 0011100 1110110 1011100 1001010 1110100 1100101 0101001 0110101
10 10
0100011111 1001001000 1110111111 0001010010 0100110101 1001101010 1111000000 0110010001 1011100100 0010101111
0101011011 1101000001 0010011000 1111101101 0000010110 1101100011 1010110110 0000111100 1011001001 0110100110
8 9
100001011 100001101 001001000 110010011 110010101 010110100 000101100 011010000
001001001 000101101 010110101 100001100 110010010 011010001 110010100 100001010
4 3
111 011 101 110
011 001 101 111
4 8
00011010 10010101 11000101 01001010
00111010 11100101 10110101 01101010
10 10
0010101101 1010110101 1110001011 1001101010 0101000000 0101011111 1000110010 0101110101 0111011010 1010000100
1101010010 1110001101 1001101100 0000111101 0101001010 0010010010 1101100011 1111010101 0010111000 0010100111
9 8
01100001 01110100 10011001 00010111 11011011 00101011 00100001 00110011 00000111
11011111 11100011 01010001 11101001 11001111 10111100 00010011 11111011 10101001
5 6
000001 101111 001110 001100 010011
110110 011000 111011 100100 111001
10 10
1100111000 0101111111 1010001101 1110001011 0011110010 0101100000 1001101111 1011010000 0000000100 0110010111
0101100100 1000100011 0000000001 1001111110 1010011100 0011110111 0110001100 1101111000 1111001011 0110010011
10 10
1111010010 0010111111 1101100001 0101110000 0100100111 0011101000 1000001000 1010001111 0111011100 1000010111
0111111000 0100000011 1100001101 1110111110 0000110111 0110101111 0001100000 1001010000 1011001000 1011010111
4 5
01101 00001 10111 11011
10001 10110 00010 11010
8 9
110100011 000001101 111101000 111001000 110000011 101110101 000011010 100101101
011110000 111010000 110001000 101111110 100110101 101011110 011100111 100010101
6 7
0001100 1111000 1110011 0000100 1110000 0000111
1110000 1110011 0001111 0000100 1111011 0000111
10 10
1110110010 1010000010 1011101011 1111001100 0101011101 0111110100 0100000111 1000110101 0001111001 0000001010
0111000000 0000111001 1111111111 1110001100 1000000001 0100011110 0101110111 1011110010 0001000111 1010101000
3 6
110000 010000 000010
011001 110110 110001
2 7
0000010 0001010
1101010 1100010
5 8
00010010 11110110 10100000 01000111 00100110
00100011 00101000 01000001 00011101 01011101
1 2
01
00
10 10
0000001011 0111000100 0011011100 1111111001 0100110010 1001110101 1000001011 0110001000 1011110111 1100100110
1011000101 0000100111 1100010100 1000011010 1111101000 0100111111 0001101011 0011010001 1110010110 0111101000
2 3
011 111
100 000
9 8
01101100 01000100 00010001 00110011 01010001 01011011 11101010 00100010 00110000
11010101 10101100 10011011 10100110 00011101 11000111 10110011 11100110 11000100
5 5
11010 00011 01001 00000 11101
00111 00110 11111 10101 00001
6 6
110001 001110 100111 001101 001001 100010
001011 010000 001110 011010 000000 010001
4 3
011 111 110 010
000 001 100 101
6 5
11111 01011 01001 11110 10110 00101
10100 01110 10101 11101 00000 00010
2 8
11110101 00101001
00101001 11110101
4 8
11100001 01010001 01011110 11101110
11101111 01011111 01010000 11100000
2 8
11101100 10001100
00011001 01111001
10 10
1000001101 1110001010 0111111100 1011110110 0001010010 1000010011 0010101110 0101111000 0100000111 0111110101
1110000001 0011101010 0100111100 0001101110 0111000000 1000011000 0010010101 1110011111 1101100100 0001100111
3 10
0101111100 1101011011 1110001101
1011001001 0000111000 0011101110
6 8
01001010 11101010 01101010 00110100 10110100 00010100
10010100 01001010 00110100 01101010 00010100 11001010
4 8
10101110 10010110 11000100 01110011
11110010 11001001 00110101 00011101
10 10
0100011011 1100111101 0010110100 1000101000 0011100011 1111110111 1101000111 0101001100 1011010010 0010001000
1111110001 0011100101 1011010100 0100011101 1101000001 0101001010 1100111011 0010001110 0010110010 1000101110
9 7
0010111 1111011 1010101 1000111 0101010 0011101 0111010 1111110 0011110
0111001 1010111 0100001 0101011 1100011 1110110 0100000 1000001 0110010
10 10
0001101111 0010100000 1111010111 0000101111 0010010000 0111101010 1101011000 1100010111 1100001000 1011110101
1011000001 1000001110 1011110001 0100111001 1001001110 0010010100 1110001011 0110110110 0101110110 0101101001
10 10
0001111010 1111010101 0110101010 0010110010 1110001110 0001001001 1010100101 0000011010 1101010101 1101100101
0011010000 1000111100 1100010111 1111001100 0010000011 1111111100 1101001100 0011100011 0000101011 0100110011
9 8
01101110 10101000 11011110 11001100 11000110 01110010 00001000 11011000 00110011
01101101 11000001 00010111 11011001 01110001 11000111 11010011 10110111 00101100
10 7
1111111 1101100 1011101 1110001 0010001 1101110 1010100 1011010 1011011 0001110
0011100 0111110 0010101 0011010 0101101 0110000 0011011 1001111 1010000 0101111
10 10
1010001001 1001010110 0101110101 0010101110 0101000101 0111110001 1110111000 1000000011 1110011110 0001101010
0001011110 0001101110 1010000101 1010100011 1101001101 0011101010 0101110001 0110110101 1100011000 1110010010
10 10
1110100000 0001001000 1111101001 1011101010 0110011100 1000010101 0100010110 0001010011 1110111111 0001100111
1011010010 0100100001 1010011011 0100111010 1110011000 0011101110 0100010101 1101100111 1011001101 0001100100
10 10
0101101111 0010000101 0011010000 0100100011 0010011000 1000101110 1101111101 1001001010 1111110000 1110010111
1110111011 1110100110 0011010011 1000000000 1111110011 0001011110 1001001100 0010110100 0101101001 0100001101
1 10
0110000101
1000101100
10 10
0000010101 0010101001 0000001100 1101101101 1011010010 0111000011 1000111111 1111110000 0100101010 1111010110
1011101000 1100000001 1011001110 0100110010 1001010011 0000010100 0011111101 0100101011 1111101100 0110010111
